32
0.1
0.1
10e-6

1 1 1 1 1 1 1 1 1 1 1 1 1 1 1 1 1 1 1 1 1 1 1 1 1 1 1 1 1 1 1 1
1 1 1 1 1 1 1 1 1 1 1 1 1 1 1 1 1 1 1 1 1 1 1 1 1 1 1 1 1 1 1 1
1 1 1 1 1 1 1 1 1 1 1 1 1 1 1 1 1 1 1 1 1 1 1 1 1 1 1 1 1 1 1 1
1 1 1 1 1 1 1 1 1 1 1 1 1 1 1 1 1 1 1 1 1 1 1 1 1 1 1 1 1 1 1 1
1 1 1 1 1 1 1 1 1 1 1 1 1 1 1 1 1 1 1 1 1 1 1 1 1 1 1 1 1 1 1 1
1 1 1 1 1 1 1 1 1 1 1 1 1 1 1 1 1 1 1 1 1 1 1 1 1 1 1 1 1 1 1 1
1 1 1 1 1 1 1 1 1 1 1 1 1 1 1 1 1 1 1 1 1 1 1 1 1 1 1 1 1 1 1 1
1 1 1 1 1 1 1 1 1 1 1 1 1 1 1 1 1 1 1 1 1 1 1 1 1 1 1 1 1 1 1 1
1 1 1 1 1 1 1 1 1 1 1 1 1 1 1 1 1 1 1 1 1 1 1 1 1 1 1 1 1 1 1 1
1 1 1 1 1 1 1 1 1 1 1 1 1 1 1 1 1 1 1 1 1 1 1 1 1 1 1 1 1 1 1 1
1 1 1 1 1 1 1 1 1 1 1 1 1 1 1 1 1 1 1 1 1 1 1 1 1 1 1 1 1 1 1 1
1 1 1 1 1 1 1 1 1 1 1 1 1 1 1 1 1 1 1 1 1 1 1 1 1 1 1 1 1 1 1 1
1 1 1 1 1 1 1 1 1 1 1 1 1 1 1 1 1 1 1 1 1 1 1 1 1 1 1 1 1 1 1 1
1 1 1 1 1 1 1 1 1 1 1 1 1 1 1 1 1 1 1 1 1 1 1 1 1 1 1 1 1 1 1 1
1 1 1 1 1 1 1 1 1 1 1 1 1 1 1 1 1 1 1 1 1 1 1 1 1 1 1 1 1 1 1 1
1 1 1 1 1 1 1 1 1 1 1 1 1 1 1 1 1 1 1 1 1 1 1 1 1 1 1 1 1 1 1 1
1 1 1 1 1 1 1 1 1 1 1 1 1 1 1 1 1 1 1 1 1 1 1 1 1 1 1 1 1 1 1 1
1 1 1 1 1 1 1 1 1 1 1 1 1 1 1 1 1 1 1 1 1 1 1 1 1 1 1 1 1 1 1 1
1 1 1 1 1 1 1 1 1 1 1 1 1 1 1 1 1 1 1 1 1 1 1 1 1 1 1 1 1 1 1 1
1 1 1 1 1 1 1 1 1 1 1 1 1 1 1 1 1 1 1 1 1 1 1 1 1 1 1 1 1 1 1 1
1 1 1 1 1 1 1 1 1 1 1 1 1 1 1 1 1 1 1 1 1 1 1 1 1 1 1 1 1 1 1 1
1 1 1 1 1 1 1 1 1 1 1 1 1 1 1 1 1 1 1 1 1 1 1 1 1 1 1 1 1 1 1 1
1 1 1 1 1 1 1 1 1 1 1 1 1 1 1 1 1 1 1 1 1 1 1 1 1 1 1 1 1 1 1 1
1 1 1 1 1 1 1 1 1 1 1 1 1 1 1 1 1 1 1 1 1 1 1 1 1 1 1 1 1 1 1 1
1 1 1 1 1 1 1 1 1 1 1 1 1 1 1 1 1 1 1 1 1 1 1 1 1 1 1 1 1 1 1 1
1 1 1 1 1 1 1 1 1 1 1 1 1 1 1 1 1 1 1 1 1 1 1 1 1 1 1 1 1 1 1 1
1 1 1 1 1 1 1 1 1 1 1 1 1 1 1 1 1 1 1 1 1 1 1 1 1 1 1 1 1 1 1 1
1 1 1 1 1 1 1 1 1 1 1 1 1 1 1 1 1 1 1 1 1 1 1 1 1 1 1 1 1 1 1 1
1 1 1 1 1 1 1 1 1 1 1 1 1 1 1 1 1 1 1 1 1 1 1 1 1 1 1 1 1 1 1 1
1 1 1 1 1 1 1 1 1 1 1 1 1 1 1 1 1 1 1 1 1 1 1 1 1 1 1 1 1 1 1 1
1 1 1 1 1 1 1 1 1 1 1 1 1 1 1 1 1 1 1 1 1 1 1 1 1 1 1 1 1 1 1 1
1 1 1 1 1 1 1 1 1 1 1 1 1 1 1 1 1 1 1 1 1 1 1 1 1 1 1 1 1 1 1 1

1 1 1 1 1 1 1 1 1 1 1 1 1 1 1 1 1 1 1 1 1 1 1 1 1 1 1 1 1 1 1 1
1 1 1 1 1 1 1 1 1 1 1 1 1 1 1 1 1 1 1 1 1 1 1 1 1 1 1 1 1 1 1 1
1 1 1 1 1 1 1 1 1 1 1 1 1 1 1 1 1 1 1 1 1 1 1 1 1 1 1 1 1 1 1 1
1 1 1 1 1 1 1 1 1 1 1 1 1 1 1 1 1 1 1 1 1 1 1 1 1 1 1 1 1 1 1 1
1 1 1 1 1 1 1 1 1 1 1 1 1 1 1 1 1 1 1 1 1 1 1 1 1 1 1 1 1 1 1 1
1 1 1 1 1 1 1 1 1 1 1 1 1 1 1 1 1 1 1 1 1 1 1 1 1 1 1 1 1 1 1 1
1 1 1 1 1 1 1 1 1 1 1 1 1 1 1 1 1 1 1 1 1 1 1 1 1 1 1 1 1 1 1 1
1 1 1 1 1 1 1 1 1 1 1 1 1 1 1 1 1 1 1 1 1 1 1 1 1 1 1 1 1 1 1 1
1 1 1 1 1 1 1 1 1 1 1 1 1 1 1 1 1 1 1 1 1 1 1 1 1 1 1 1 1 1 1 1
1 1 1 1 1 1 1 1 1 1 1 1 1 1 1 1 1 1 1 1 1 1 1 1 1 1 1 1 1 1 1 1
1 1 1 1 1 1 1 1 1 1 1 1 1 1 1 1 1 1 1 1 1 1 1 1 1 1 1 1 1 1 1 1
1 1 1 1 1 1 1 1 1 1 1 1 1 1 1 1 1 1 1 1 1 1 1 1 1 1 1 1 1 1 1 1
1 1 1 1 1 1 1 1 1 1 1 1 1 1 1 1 1 1 1 1 1 1 1 1 1 1 1 1 1 1 1 1
1 1 1 1 1 1 1 1 1 1 1 1 1 1 1 1 1 1 1 1 1 1 1 1 1 1 1 1 1 1 1 1
1 1 1 1 1 1 1 1 1 1 1 1 1 1 1 1 1 1 1 1 1 1 1 1 1 1 1 1 1 1 1 1
1 1 1 1 1 1 1 1 1 1 1 1 1 1 1 1 1 1 1 1 1 1 1 1 1 1 1 1 1 1 1 1
1 1 1 1 1 1 1 1 1 1 1 1 1 1 1 1 1 1 1 1 1 1 1 1 1 1 1 1 1 1 1 1
1 1 1 1 1 1 1 1 1 1 1 1 1 1 1 1 1 1 1 1 1 1 1 1 1 1 1 1 1 1 1 1
1 1 1 1 1 1 1 1 1 1 1 1 1 1 1 1 1 1 1 1 1 1 1 1 1 1 1 1 1 1 1 1
1 1 1 1 1 1 1 1 1 1 1 1 1 1 1 1 1 1 1 1 1 1 1 1 1 1 1 1 1 1 1 1
1 1 1 1 1 1 1 1 1 1 1 1 1 1 1 1 1 1 1 1 1 1 1 1 1 1 1 1 1 1 1 1
1 1 1 1 1 1 1 1 1 1 1 1 1 1 1 1 1 1 1 1 1 1 1 1 1 1 1 1 1 1 1 1
1 1 1 1 1 1 1 1 1 1 1 1 1 1 1 1 1 1 1 1 1 1 1 1 1 1 1 1 1 1 1 1
1 1 1 1 1 1 1 1 1 1 1 1 1 1 1 1 1 1 1 1 1 1 1 1 1 1 1 1 1 1 1 1
1 1 1 1 1 1 1 1 1 1 1 1 1 1 1 1 1 1 1 1 1 1 1 1 1 1 1 1 1 1 1 1
1 1 1 1 1 1 1 1 1 1 1 1 1 1 1 1 1 1 1 1 1 1 1 1 1 1 1 1 1 1 1 1
1 1 1 1 1 1 1 1 1 1 1 1 1 1 1 1 1 1 1 1 1 1 1 1 1 1 1 1 1 1 1 1
1 1 1 1 1 1 1 1 1 1 1 1 1 1 1 1 1 1 1 1 1 1 1 1 1 1 1 1 1 1 1 1
1 1 1 1 1 1 1 1 1 1 1 1 1 1 1 1 1 1 1 1 1 1 1 1 1 1 1 1 1 1 1 1
1 1 1 1 1 1 1 1 1 1 1 1 1 1 1 1 1 1 1 1 1 1 1 1 1 1 1 1 1 1 1 1
1 1 1 1 1 1 1 1 1 1 1 1 1 1 1 1 1 1 1 1 1 1 1 1 1 1 1 1 1 1 1 1
1 1 1 1 1 1 1 1 1 1 1 1 1 1 1 1 1 1 1 1 1 1 1 1 1 1 1 1 1 1 1 1

1.0000    1.0500    1.1000    1.1500    1.2000    1.2500    1.3000    1.3500    1.4000    1.4500    1.5000    1.5500    1.6000    1.6500    1.7000    1.7500    1.7500    1.7000    1.6500    1.6000    1.5500    1.5000    1.4500    1.4000    1.3500    1.3000    1.2500    1.2000    1.1500    1.1000    1.0500    1.0000 
1.0500    1.1000    1.1500    1.2000    1.2500    1.3000    1.3500    1.4000    1.4500    1.5000    1.5500    1.6000    1.6500    1.7000    1.7500    1.8000    1.8000    1.7500    1.7000    1.6500    1.6000    1.5500    1.5000    1.4500    1.4000    1.3500    1.3000    1.2500    1.2000    1.1500    1.1000    1.0500 
1.1000    1.1500    1.2000    1.2500    1.3000    1.3500    1.4000    1.4500    1.5000    1.5500    1.6000    1.6500    1.7000    1.7500    1.8000    1.8500    1.8500    1.8000    1.7500    1.7000    1.6500    1.6000    1.5500    1.5000    1.4500    1.4000    1.3500    1.3000    1.2500    1.2000    1.1500    1.1000     
1.1500    1.2000    1.2500    1.3000    1.3500    1.4000    1.4500    1.5000    1.5500    1.6000    1.6500    1.7000    1.7500    1.8000    1.8500    1.9000    1.9000    1.8500    1.8000    1.7500    1.7000    1.6500    1.6000    1.5500    1.5000    1.4500    1.4000    1.3500    1.3000    1.2500    1.2000    1.1500
1.2000    1.2500    1.3000    1.3500    1.4000    1.4500    1.5000    1.5500    1.6000    1.6500    1.7000    1.7500    1.8000    1.8500    1.9000    1.9500    1.9500    1.9000    1.8500    1.8000    1.7500    1.7000    1.6500    1.6000    1.5500    1.5000    1.4500    1.4000    1.3500    1.3000    1.2500    1.2000
1.2500    1.3000    1.3500    1.4000    1.4500    1.5000    1.5500    1.6000    1.6500    1.7000    1.7500    1.8000    1.8500    1.9000    1.9500    2.0000    2.0000    1.9500    1.9000    1.8500    1.8000    1.7500    1.7000    1.6500    1.6000    1.5500    1.5000    1.4500    1.4000    1.3500    1.3000    1.2500
1.3000    1.3500    1.4000    1.4500    1.5000    1.5500    1.6000    1.6500    1.7000    1.7500    1.8000    1.8500    1.9000    1.9500    2.0000    2.0500    2.0500    2.0000    1.9500    1.9000    1.8500    1.8000    1.7500    1.7000    1.6500    1.6000    1.5500    1.5000    1.4500    1.4000    1.3500    1.3000
1.3500    1.4000    1.4500    1.5000    1.5500    1.6000    1.6500    1.7000    1.7500    1.8000    1.8500    1.9000    1.9500    2.0000    2.0500    2.1000    2.1000    2.0500    2.0000    1.9500    1.9000    1.8500    1.8000    1.7500    1.7000    1.6500    1.6000    1.5500    1.5000    1.4500    1.4000    1.3500
1.4000    1.4500    1.5000    1.5500    1.6000    1.6500    1.7000    1.7500    1.8000    1.8500    1.9000    1.9500    2.0000    2.0500    2.1000    2.1500    2.1500    2.1000    2.0500    2.0000    1.9500    1.9000    1.8500    1.8000    1.7500    1.7000    1.6500    1.6000    1.5500    1.5000    1.4500    1.4000
1.4500    1.5000    1.5500    1.6000    1.6500    1.7000    1.7500    1.8000    1.8500    1.9000    1.9500    2.0000    2.0500    2.1000    2.1500    2.2000    2.2000    2.1500    2.1000    2.0500    2.0000    1.9500    1.9000    1.8500    1.8000    1.7500    1.7000    1.6500    1.6000    1.5500    1.5000    1.4500
1.5000    1.5500    1.6000    1.6500    1.7000    1.7500    1.8000    1.8500    1.9000    1.9500    2.0000    2.0500    2.1000    2.1500    2.2000    2.2500    2.2500    2.2000    2.1500    2.1000    2.0500    2.0000    1.9500    1.9000    1.8500    1.8000    1.7500    1.7000    1.6500    1.6000    1.5500    1.5000
1.5500    1.6000    1.6500    1.7000    1.7500    1.8000    1.8500    1.9000    1.9500    2.0000    2.0500    2.1000    2.1500    2.2000    2.2500    2.3000    2.3000    2.2500    2.2000    2.1500    2.1000    2.0500    2.0000    1.9500    1.9000    1.8500    1.8000    1.7500    1.7000    1.6500    1.6000    1.5500
1.6000    1.6500    1.7000    1.7500    1.8000    1.8500    1.9000    1.9500    2.0000    2.0500    2.1000    2.1500    2.2000    2.2500    2.3000    2.3500    2.3500    2.3000    2.2500    2.2000    2.1500    2.1000    2.0500    2.0000    1.9500    1.9000    1.8500    1.8000    1.7500    1.7000    1.6500    1.6000
1.6500    1.7000    1.7500    1.8000    1.8500    1.9000    1.9500    2.0000    2.0500    2.1000    2.1500    2.2000    2.2500    2.3000    2.3500    2.4000    2.4000    2.3500    2.3000    2.2500    2.2000    2.1500    2.1000    2.0500    2.0000    1.9500    1.9000    1.8500    1.8000    1.7500    1.7000    1.6500
1.7000    1.7500    1.8000    1.8500    1.9000    1.9500    2.0000    2.0500    2.1000    2.1500    2.2000    2.2500    2.3000    2.3500    2.4000    2.4500    2.4500    2.4000    2.3500    2.3000    2.2500    2.2000    2.1500    2.1000    2.0500    2.0000    1.9500    1.9000    1.8500    1.8000    1.7500    1.7000
1.7500    1.8000    1.8500    1.9000    1.9500    2.0000    2.0500    2.1000    2.1500    2.2000    2.2500    2.3000    2.3500    2.4000    2.4500    2.5000    2.5000    2.4500    2.4000    2.3500    2.3000    2.2500    2.2000    2.1500    2.1000    2.0500    2.0000    1.9500    1.9000    1.8500    1.8000    1.7500
1.7500    1.8000    1.8500    1.9000    1.9500    2.0000    2.0500    2.1000    2.1500    2.2000    2.2500    2.3000    2.3500    2.4000    2.4500    2.5000    2.5000    2.4500    2.4000    2.3500    2.3000    2.2500    2.2000    2.1500    2.1000    2.0500    2.0000    1.9500    1.9000    1.8500    1.8000    1.7500
1.7000    1.7500    1.8000    1.8500    1.9000    1.9500    2.0000    2.0500    2.1000    2.1500    2.2000    2.2500    2.3000    2.3500    2.4000    2.4500    2.4500    2.4000    2.3500    2.3000    2.2500    2.2000    2.1500    2.1000    2.0500    2.0000    1.9500    1.9000    1.8500    1.8000    1.7500    1.7000
1.6500    1.7000    1.7500    1.8000    1.8500    1.9000    1.9500    2.0000    2.0500    2.1000    2.1500    2.2000    2.2500    2.3000    2.3500    2.4000    2.4000    2.3500    2.3000    2.2500    2.2000    2.1500    2.1000    2.0500    2.0000    1.9500    1.9000    1.8500    1.8000    1.7500    1.7000    1.6500
1.6000    1.6500    1.7000    1.7500    1.8000    1.8500    1.9000    1.9500    2.0000    2.0500    2.1000    2.1500    2.2000    2.2500    2.3000    2.3500    2.3500    2.3000    2.2500    2.2000    2.1500    2.1000    2.0500    2.0000    1.9500    1.9000    1.8500    1.8000    1.7500    1.7000    1.6500    1.6000
1.5500    1.6000    1.6500    1.7000    1.7500    1.8000    1.8500    1.9000    1.9500    2.0000    2.0500    2.1000    2.1500    2.2000    2.2500    2.3000    2.3000    2.2500    2.2000    2.1500    2.1000    2.0500    2.0000    1.9500    1.9000    1.8500    1.8000    1.7500    1.7000    1.6500    1.6000    1.5500
1.5000    1.5500    1.6000    1.6500    1.7000    1.7500    1.8000    1.8500    1.9000    1.9500    2.0000    2.0500    2.1000    2.1500    2.2000    2.2500    2.2500    2.2000    2.1500    2.1000    2.0500    2.0000    1.9500    1.9000    1.8500    1.8000    1.7500    1.7000    1.6500    1.6000    1.5500    1.5000
1.4500    1.5000    1.5500    1.6000    1.6500    1.7000    1.7500    1.8000    1.8500    1.9000    1.9500    2.0000    2.0500    2.1000    2.1500    2.2000    2.2000    2.1500    2.1000    2.0500    2.0000    1.9500    1.9000    1.8500    1.8000    1.7500    1.7000    1.6500    1.6000    1.5500    1.5000    1.4500
1.4000    1.4500    1.5000    1.5500    1.6000    1.6500    1.7000    1.7500    1.8000    1.8500    1.9000    1.9500    2.0000    2.0500    2.1000    2.1500    2.1500    2.1000    2.0500    2.0000    1.9500    1.9000    1.8500    1.8000    1.7500    1.7000    1.6500    1.6000    1.5500    1.5000    1.4500    1.4000
1.3500    1.4000    1.4500    1.5000    1.5500    1.6000    1.6500    1.7000    1.7500    1.8000    1.8500    1.9000    1.9500    2.0000    2.0500    2.1000    2.1000    2.0500    2.0000    1.9500    1.9000    1.8500    1.8000    1.7500    1.7000    1.6500    1.6000    1.5500    1.5000    1.4500    1.4000    1.3500
1.3000    1.3500    1.4000    1.4500    1.5000    1.5500    1.6000    1.6500    1.7000    1.7500    1.8000    1.8500    1.9000    1.9500    2.0000    2.0500    2.0500    2.0000    1.9500    1.9000    1.8500    1.8000    1.7500    1.7000    1.6500    1.6000    1.5500    1.5000    1.4500    1.4000    1.3500    1.3000
1.2500    1.3000    1.3500    1.4000    1.4500    1.5000    1.5500    1.6000    1.6500    1.7000    1.7500    1.8000    1.8500    1.9000    1.9500    2.0000    2.0000    1.9500    1.9000    1.8500    1.8000    1.7500    1.7000    1.6500    1.6000    1.5500    1.5000    1.4500    1.4000    1.3500    1.3000    1.2500
1.2000    1.2500    1.3000    1.3500    1.4000    1.4500    1.5000    1.5500    1.6000    1.6500    1.7000    1.7500    1.8000    1.8500    1.9000    1.9500    1.9500    1.9000    1.8500    1.8000    1.7500    1.7000    1.6500    1.6000    1.5500    1.5000    1.4500    1.4000    1.3500    1.3000    1.2500    1.2000
1.1500    1.2000    1.2500    1.3000    1.3500    1.4000    1.4500    1.5000    1.5500    1.6000    1.6500    1.7000    1.7500    1.8000    1.8500    1.9000    1.9000    1.8500    1.8000    1.7500    1.7000    1.6500    1.6000    1.5500    1.5000    1.4500    1.4000    1.3500    1.3000    1.2500    1.2000    1.1500
1.1000    1.1500    1.2000    1.2500    1.3000    1.3500    1.4000    1.4500    1.5000    1.5500    1.6000    1.6500    1.7000    1.7500    1.8000    1.8500    1.8500    1.8000    1.7500    1.7000    1.6500    1.6000    1.5500    1.5000    1.4500    1.4000    1.3500    1.3000    1.2500    1.2000    1.1500    1.1000     
1.0500    1.1000    1.1500    1.2000    1.2500    1.3000    1.3500    1.4000    1.4500    1.5000    1.5500    1.6000    1.6500    1.7000    1.7500    1.8000    1.8000    1.7500    1.7000    1.6500    1.6000    1.5500    1.5000    1.4500    1.4000    1.3500    1.3000    1.2500    1.2000    1.1500    1.1000    1.0500 
1.0000    1.0500    1.1000    1.1500    1.2000    1.2500    1.3000    1.3500    1.4000    1.4500    1.5000    1.5500    1.6000    1.6500    1.7000    1.7500    1.7500    1.7000    1.6500    1.6000    1.5500    1.5000    1.4500    1.4000    1.3500    1.3000    1.2500    1.2000    1.1500    1.1000    1.0500    1.0000 